psnr : 18.033041 
psnr : 17.034186 
psnr : 16.420385 
psnr : 15.514139 
avg psnr : 16.750438